Close
122.99
122.99
23.88
196.71
185.96
9.77
108.52
32.23
35.7
116.89
118.94
16.16
2.67
50.87
127.69
26.01
122.99
23.88
196.71
185.96
9.77
108.5
32.23
35.7
116.89
118.94
16.16
2.67
50.87
127.69
26.01
30.66
19.94
40.94
33.02
0.5583
4.04
122.98
23.88
196.71
185.96
9.77
108.5
32.23
35.7
116.89
118.94
16.16
2.67
50.87
127.69
26.01
30.66
19.94
40.94
33.02
0.5583
4.04
122.99
23.86
196.71
185.96
9.77
108.5
32.23
35.7
116.89
118.94
16.16
2.67
50.87
127.69
26.01
30.66
19.94
40.94
33.02
0.5583
4.04
122.99
23.86
196.71
185.96
9.77
108.55
32.23
35.7
116.89
118.94
16.16
2.67
50.87
127.69
26.01
30.66
19.94
40.94
33.02
0.5583
4.04
122.99
23.87
196.71
185.96
9.77
108.55
32.23
35.7
116.89
118.94
16.16
2.67
50.87
127.69
26.01
30.66
19.94
40.94
33.02
0.5583
4.04
122.98
23.87
196.71
185.96
9.77
108.55
32.23
35.7
116.89
119.39
16.16
2.67
50.87
127.69
26.01
30.66
19.94
40.94
33.02
0.5583
4.04
122.98
23.86
196.71
185.96
9.77
108.55
32.23
35.7
116.89
119.39
16.16
2.67
50.87
127.69
26.01
30.66
19.94
40.94
33.02
0.5583
4.04
122.98
23.87
196.71
185.96
9.77
108.55
32.23
35.7
116.89
119.07
16.16
2.67
50.87
127.69
26.01
30.66
19.94
40.94
33.02
0.5583
4.04
122.97
23.86
196.71
185.96
9.77
108.55
32.23
35.7
116.89
119.07
16.16
2.67
50.87
127.69
26.01
30.66
19.94
40.94
33.02
0.5583
4.04
25.6
3.44
122.96
23.86
196.71
185.96
9.77
108.54
32.23
35.7
116.89
119.07
16.16
2.67
50.87
127.69
26.01
30.66
19.94
40.45
33.02
0.5583
4.04
25.6
3.44
122.96
23.86
196.71
185.96
9.77
108.54
32.23
35.7
116.89
119.07
16.16
2.67
50.87
127.69
26.01
30.66
19.94
40.45
33.02
0.5583
4.04
25.6
3.44
122.96
23.87
196.71
185.96
9.77
108.54
32.23
35.7
116.89
119.07
16.16
2.67
50.87
127.69
26.01
30.66
19.94
40.45
33.02
0.5583
4.04
25.6
3.44
122.95
23.87
196.71
185.96
9.77
108.54
32.23
35.7
116.89
119.07
16.16
2.67
50.87
127.69
26.01
30.66
19.94
40.45
33.02
0.5583
4.04
25.6
3.44
3.75
122.97
23.87
196.71
185.96
9.77
108.54
32.23
35.7
116.89
119.07
16.16
2.67
50.87
127.69
26.01
30.66
19.94
40.45
33.02
0.5583
4.04
25.6
3.44
3.75
122.96
23.87
196.71
185.96
9.77
108.54
32.23
35.7
116.89
119.07
16.16
2.67
50.87
127.69
26.01
30.66
19.94
40.45
33.02
0.5583
4.04
25.6
3.44
3.75
122.96
23.87
196.71
185.96
9.77
108.54
32.23
35.7
116.89
119.07
16.16
2.67
50.87
127.69
26.01
30.66
19.94
40.45
33.02
0.5583
4.04
25.6
3.44
3.75
122.98
23.88
196.71
185.96
9.77
108.54
32.23
35.7
116.89
119.39
16.16
2.67
50.87
127.69
26.01
30.66
19.94
40.45
33.02
0.5583
4.04
25.6
3.44
3.75
122.98
23.88
196.71
185.96
9.77
108.54
32.23
